1.666400000000000000e+04
2.172800000000000000e+04
1.757600000000000000e+04
1.269200000000000000e+04
9.460000000000000000e+03
1.184200000000000000e+04
1.911400000000000000e+04
1.422600000000000000e+04
1.093600000000000000e+04
7.204000000000000000e+03
9.084000000000000000e+03
6.782000000000000000e+03
8.168000000000000000e+03
7.372000000000000000e+03
9.634000000000000000e+03
1.000800000000000000e+04
8.638000000000000000e+03
1.616800000000000000e+04
1.319600000000000000e+04
1.340600000000000000e+04
1.300600000000000000e+04
6.060000000000000000e+03
9.400000000000000000e+03
9.416000000000000000e+03
1.060800000000000000e+04
1.514200000000000000e+04
1.365800000000000000e+04
1.004600000000000000e+04
1.177400000000000000e+04
1.030000000000000000e+04
1.021000000000000000e+04
2.730800000000000000e+04
2.889800000000000000e+04
2.783000000000000000e+04
2.600000000000000000e+04
1.869200000000000000e+04
1.513600000000000000e+04
1.213200000000000000e+04
1.818000000000000000e+04
1.119800000000000000e+04
9.314000000000000000e+03
2.427600000000000000e+04
2.095800000000000000e+04
1.113800000000000000e+04
8.208000000000000000e+03
9.910000000000000000e+03
1.137600000000000000e+04
7.722000000000000000e+03
1.031400000000000000e+04
1.102800000000000000e+04
7.616000000000000000e+03
8.918000000000000000e+03
1.022400000000000000e+04
7.628000000000000000e+03
9.214000000000000000e+03
9.728000000000000000e+03
7.064000000000000000e+03
9.130000000000000000e+03
7.720000000000000000e+03
8.338000000000000000e+03
7.646000000000000000e+03
3.965800000000000000e+04
2.148200000000000000e+04
7.264000000000000000e+03
6.828000000000000000e+03
4.938000000000000000e+03
8.636000000000000000e+03
6.210000000000000000e+03
7.996000000000000000e+03
7.538000000000000000e+03
7.386000000000000000e+03
6.966000000000000000e+03
7.588000000000000000e+03
7.046000000000000000e+03
8.728000000000000000e+03
7.840000000000000000e+03
5.254000000000000000e+03
6.808000000000000000e+03
9.020000000000000000e+03
8.030000000000000000e+03
9.088000000000000000e+03
9.732000000000000000e+03
8.130000000000000000e+03
9.228000000000000000e+03
1.262800000000000000e+04
6.878000000000000000e+03
6.920000000000000000e+03
7.284000000000000000e+03
7.216000000000000000e+03
9.664000000000000000e+03
1.035000000000000000e+04
1.027400000000000000e+04
9.714000000000000000e+03
2.139000000000000000e+04
1.942800000000000000e+04
9.440000000000000000e+03
1.439000000000000000e+04
8.352000000000000000e+03
8.061400000000000000e+04
1.137600000000000000e+04
8.284000000000000000e+03
7.366000000000000000e+03
8.502000000000000000e+03
7.526000000000000000e+03
6.006000000000000000e+03
6.304000000000000000e+03
6.366000000000000000e+03
8.230000000000000000e+03
7.062000000000000000e+03
8.630000000000000000e+03
1.058400000000000000e+04
9.948000000000000000e+03
9.304000000000000000e+03
2.511000000000000000e+04
2.464800000000000000e+04
8.382000000000000000e+03
9.724000000000000000e+03
1.030200000000000000e+04
1.047200000000000000e+04
7.458000000000000000e+03
7.852000000000000000e+03
1.364400000000000000e+04
1.173600000000000000e+04
1.566800000000000000e+04
1.048400000000000000e+04
8.514000000000000000e+03
6.866000000000000000e+03
1.103600000000000000e+04
9.626000000000000000e+03
1.030200000000000000e+04
1.074400000000000000e+04
6.422000000000000000e+03
1.086400000000000000e+04
9.160000000000000000e+03
1.074800000000000000e+04
1.243400000000000000e+04
9.966000000000000000e+03
8.696000000000000000e+03
1.158400000000000000e+04
1.341200000000000000e+04
1.083600000000000000e+04
9.924000000000000000e+03
1.300200000000000000e+04
1.086400000000000000e+04
1.204200000000000000e+04
1.129000000000000000e+04
1.328200000000000000e+04
1.310600000000000000e+04
1.019800000000000000e+04
8.758000000000000000e+03
9.194000000000000000e+03
1.246600000000000000e+04
7.532000000000000000e+03
9.458000000000000000e+03
1.281800000000000000e+04
1.003600000000000000e+04
1.086800000000000000e+04
1.415200000000000000e+04
1.013000000000000000e+04
9.838000000000000000e+03
1.636800000000000000e+04
9.680000000000000000e+03
7.898000000000000000e+03
1.175000000000000000e+04
1.138000000000000000e+04
9.604000000000000000e+03
1.294200000000000000e+04
1.094800000000000000e+04
1.227200000000000000e+04
1.478400000000000000e+04
1.047800000000000000e+04
1.206000000000000000e+04
1.966800000000000000e+04
1.095800000000000000e+04
1.025200000000000000e+04
1.851600000000000000e+04
9.386000000000000000e+03
9.394000000000000000e+03
1.581800000000000000e+04
1.295600000000000000e+04
9.934000000000000000e+03
1.653400000000000000e+04
1.219000000000000000e+04
1.288400000000000000e+04
1.429400000000000000e+04
1.502200000000000000e+04
1.145800000000000000e+04
1.392400000000000000e+04
1.354800000000000000e+04
1.146200000000000000e+04
3.113600000000000000e+04
2.294000000000000000e+04
1.984600000000000000e+04
1.509400000000000000e+04
1.228200000000000000e+04
9.296000000000000000e+03
8.934000000000000000e+03
2.518400000000000000e+04
1.678200000000000000e+04
1.200800000000000000e+04
1.058600000000000000e+04
9.076000000000000000e+03
2.193400000000000000e+04
1.414400000000000000e+04
1.378000000000000000e+04
7.624000000000000000e+03
9.506000000000000000e+03
1.385200000000000000e+04
7.184000000000000000e+03
9.984000000000000000e+03
2.579000000000000000e+04
2.024600000000000000e+04
2.393400000000000000e+04
1.559600000000000000e+04
1.419058000000000000e+06
8.039600000000000000e+04
5.169000000000000000e+04
5.721800000000000000e+04
4.015600000000000000e+04
3.284600000000000000e+04
4.269200000000000000e+04
2.447600000000000000e+04
4.257200000000000000e+04
4.371800000000000000e+04
2.941600000000000000e+04
2.378200000000000000e+04
2.003200000000000000e+04
1.850200000000000000e+04
2.378400000000000000e+04
2.783800000000000000e+04
3.687400000000000000e+04
2.425400000000000000e+04
3.262600000000000000e+04
2.229200000000000000e+04
1.767400000000000000e+04
3.418600000000000000e+04
5.499400000000000000e+04
4.792200000000000000e+04
4.528000000000000000e+04
4.394600000000000000e+04
3.661600000000000000e+04
3.790600000000000000e+04
3.283600000000000000e+04
5.187400000000000000e+04
6.674800000000000000e+04
5.931200000000000000e+04
5.071200000000000000e+04
4.602000000000000000e+04
4.087000000000000000e+04
2.606400000000000000e+04
2.816200000000000000e+04
4.825800000000000000e+04
3.879200000000000000e+04
5.189200000000000000e+04
2.990600000000000000e+04
3.269000000000000000e+04
4.433400000000000000e+04
5.435200000000000000e+04
5.704000000000000000e+04
3.356200000000000000e+04
3.268400000000000000e+04
3.681600000000000000e+04
3.353400000000000000e+04
5.000000000000000000e+04
4.361000000000000000e+04
3.023400000000000000e+04
3.833800000000000000e+04
3.118400000000000000e+04
3.775600000000000000e+04
2.665000000000000000e+04
4.500400000000000000e+04
2.346800000000000000e+04
2.953600000000000000e+04
1.851000000000000000e+04
2.538000000000000000e+04
2.820000000000000000e+04
5.201000000000000000e+04
3.781600000000000000e+04
4.615200000000000000e+04
3.064400000000000000e+04
3.849200000000000000e+04
3.650200000000000000e+04
3.363400000000000000e+04
3.645600000000000000e+04
3.338000000000000000e+04
3.138000000000000000e+04
2.734000000000000000e+04
3.508400000000000000e+04
2.989800000000000000e+04
2.980600000000000000e+04
2.850600000000000000e+04
3.577600000000000000e+04
3.116000000000000000e+04
3.178600000000000000e+04
2.373000000000000000e+04
2.579400000000000000e+04
1.302950000000000000e+06
7.955200000000000000e+04
8.507600000000000000e+04
9.817600000000000000e+04
6.095400000000000000e+04
6.381000000000000000e+04
5.001800000000000000e+04
8.038000000000000000e+04
1.624140000000000000e+05
2.687460000000000000e+05
3.325600000000000000e+05
2.579940000000000000e+05
4.834620000000000000e+05
2.472080000000000000e+05
1.448980000000000000e+05
3.995000000000000000e+04
7.410000000000000000e+03
1.400000000000000000e+04
2.927800000000000000e+04
1.837200000000000000e+04
9.800000000000000000e+03
8.110000000000000000e+03
1.628000000000000000e+04
1.876200000000000000e+04
1.266400000000000000e+04
5.844800000000000000e+04
1.447480000000000000e+05
4.731260000000000000e+05
2.399460000000000000e+05
2.258780000000000000e+05
2.427400000000000000e+05
2.226200000000000000e+05
1.707220000000000000e+05
8.384000000000000000e+03
1.201000000000000000e+04
1.175000000000000000e+04
9.508000000000000000e+03
1.080600000000000000e+04
7.446000000000000000e+03
1.073400000000000000e+04
9.000000000000000000e+03
7.152000000000000000e+03
1.093000000000000000e+04
1.031800000000000000e+04
7.210000000000000000e+03
8.958000000000000000e+03
9.296000000000000000e+03
9.168000000000000000e+03
7.470000000000000000e+03
8.012000000000000000e+03
1.363478000000000000e+06
4.242600000000000000e+04
3.271600000000000000e+04
4.305400000000000000e+04
5.215800000000000000e+04
5.167000000000000000e+04
5.244600000000000000e+04
5.618400000000000000e+04
6.561200000000000000e+04
5.559400000000000000e+04
5.660600000000000000e+04
4.227200000000000000e+04
6.116800000000000000e+04
6.335600000000000000e+04
5.545800000000000000e+04
6.978200000000000000e+04
6.278000000000000000e+04
6.255400000000000000e+04
4.677400000000000000e+04
7.406200000000000000e+04
6.770400000000000000e+04
5.129200000000000000e+04
7.145600000000000000e+04
6.238800000000000000e+04
6.667600000000000000e+04
5.950400000000000000e+04
7.900000000000000000e+04
5.536800000000000000e+04
5.126600000000000000e+04
6.522000000000000000e+04
7.115800000000000000e+04
6.084600000000000000e+04
7.670400000000000000e+04
4.547400000000000000e+04
7.614800000000000000e+04
4.636400000000000000e+04
7.722800000000000000e+04
7.178400000000000000e+04
6.529800000000000000e+04
6.839400000000000000e+04
6.246800000000000000e+04
1.352240000000000000e+05
1.041060000000000000e+05
1.481460000000000000e+05
9.526200000000000000e+04
9.743600000000000000e+04
1.419240000000000000e+05
1.013340000000000000e+05
1.259360000000000000e+05
7.935200000000000000e+04
9.391400000000000000e+04
8.175400000000000000e+04
7.726600000000000000e+04
6.145600000000000000e+04
6.286800000000000000e+04
5.753600000000000000e+04
4.257600000000000000e+04
3.963800000000000000e+04
5.444600000000000000e+04
3.625600000000000000e+04
2.266800000000000000e+04
2.990000000000000000e+04
1.272192000000000000e+06
2.668400000000000000e+04
2.128400000000000000e+04
1.662200000000000000e+04
8.734000000000000000e+03
1.356600000000000000e+04
1.787600000000000000e+04
1.388000000000000000e+04
1.165400000000000000e+04
1.746000000000000000e+04
1.126200000000000000e+04
1.084600000000000000e+04
1.314200000000000000e+04
1.168600000000000000e+04
1.217600000000000000e+04
1.470600000000000000e+04
1.302400000000000000e+04
1.387800000000000000e+04
3.378400000000000000e+04
2.946000000000000000e+04
8.640000000000000000e+03
1.443400000000000000e+04
9.648000000000000000e+03
9.016000000000000000e+03
1.207400000000000000e+04
1.353600000000000000e+04
1.460000000000000000e+04
8.262000000000000000e+03
1.413800000000000000e+04
1.285000000000000000e+04
1.448000000000000000e+04
1.589800000000000000e+04
1.093400000000000000e+04
1.567200000000000000e+04
1.903600000000000000e+04
2.284400000000000000e+04
8.962000000000000000e+03
1.458400000000000000e+04
2.548400000000000000e+04
1.831600000000000000e+04
1.934000000000000000e+04
1.876800000000000000e+04
2.444800000000000000e+04
2.065400000000000000e+04
1.078200000000000000e+04
1.667000000000000000e+04
1.714400000000000000e+04
3.779800000000000000e+04
3.463000000000000000e+04
1.916800000000000000e+04
1.588400000000000000e+04
1.931800000000000000e+04
1.598000000000000000e+04
1.623400000000000000e+04
1.896000000000000000e+04
1.719200000000000000e+04
1.406000000000000000e+04
1.458000000000000000e+04
1.338600000000000000e+04
1.167000000000000000e+04
1.159200000000000000e+04
1.274000000000000000e+04
1.091400000000000000e+04
1.738600000000000000e+04
1.309800000000000000e+04
1.089600000000000000e+04
1.232200000000000000e+04
1.138200000000000000e+04
1.264800000000000000e+04
1.620800000000000000e+04
1.661200000000000000e+04
1.316600000000000000e+04
1.556800000000000000e+04
2.401400000000000000e+04
2.374400000000000000e+04
2.502200000000000000e+04
1.978600000000000000e+04
1.538400000000000000e+04
1.853600000000000000e+04
1.405600000000000000e+04
1.049200000000000000e+04
1.105400000000000000e+04
1.266000000000000000e+04
8.728000000000000000e+03
1.398000000000000000e+04
2.489800000000000000e+04
2.104600000000000000e+04
1.116000000000000000e+04
7.886000000000000000e+03
1.501000000000000000e+04
2.410000000000000000e+04
2.295000000000000000e+04
1.536400000000000000e+04
9.092000000000000000e+03
1.150000000000000000e+04
1.355600000000000000e+04
9.708000000000000000e+03
1.285000000000000000e+04
2.423000000000000000e+04
1.944800000000000000e+04
1.867200000000000000e+04
2.145000000000000000e+04
8.708000000000000000e+03
7.956000000000000000e+03
7.094000000000000000e+03
1.036600000000000000e+04
5.498000000000000000e+03
5.226000000000000000e+03
7.462000000000000000e+03
1.297858000000000000e+06
9.868200000000000000e+04
8.400600000000000000e+04
9.820400000000000000e+04
1.060060000000000000e+05
1.035160000000000000e+05
1.505480000000000000e+05
1.665600000000000000e+05
1.331700000000000000e+05
1.888580000000000000e+05
1.806320000000000000e+05
8.100000000000000000e+04
1.079780000000000000e+05
8.906400000000000000e+04
8.103600000000000000e+04
6.390400000000000000e+04
4.298200000000000000e+04
5.766400000000000000e+04
7.892000000000000000e+04
7.546800000000000000e+04
8.171200000000000000e+04
7.165200000000000000e+04
7.603800000000000000e+04
8.924600000000000000e+04
1.055180000000000000e+05
9.359400000000000000e+04
8.848000000000000000e+04
9.905400000000000000e+04
8.453200000000000000e+04
9.606200000000000000e+04
1.078540000000000000e+05
7.911200000000000000e+04
9.418200000000000000e+04
1.638480000000000000e+05
2.334800000000000000e+05
3.115960000000000000e+05
2.425240000000000000e+05
3.745440000000000000e+05
1.601980000000000000e+05
9.017400000000000000e+04
3.603400000000000000e+04
8.964000000000000000e+03
1.298000000000000000e+04
2.091600000000000000e+04
1.137400000000000000e+04
1.066400000000000000e+04
5.806000000000000000e+03
1.439400000000000000e+04
2.199000000000000000e+04
1.454200000000000000e+04
5.622400000000000000e+04
1.465820000000000000e+05
4.584800000000000000e+05
2.401120000000000000e+05
2.395700000000000000e+05
2.497420000000000000e+05
2.225660000000000000e+05
1.689860000000000000e+05
1.193200000000000000e+04
1.026200000000000000e+04
1.264600000000000000e+04
1.288600000000000000e+04
1.046000000000000000e+04
1.402000000000000000e+04
1.199000000000000000e+04
9.724000000000000000e+03
1.245800000000000000e+04
1.701800000000000000e+04
9.698000000000000000e+03
9.542000000000000000e+03
1.135000000000000000e+04
1.650800000000000000e+04
9.624000000000000000e+03
1.070400000000000000e+04
1.678800000000000000e+04
9.192000000000000000e+03
2.358400000000000000e+04
9.262000000000000000e+03
3.339600000000000000e+04
1.772400000000000000e+04
2.311600000000000000e+04
4.777400000000000000e+04
1.667000000000000000e+04
6.630000000000000000e+04
2.432200000000000000e+04
6.100600000000000000e+04
3.791200000000000000e+04
2.667800000000000000e+04
2.996000000000000000e+04
2.890000000000000000e+04
2.546000000000000000e+04
3.050000000000000000e+04
3.364400000000000000e+04
2.440400000000000000e+04
2.161000000000000000e+04
2.843000000000000000e+04
3.135800000000000000e+04
2.303800000000000000e+04
1.810400000000000000e+04
1.916800000000000000e+04
1.891400000000000000e+04
2.255800000000000000e+04
1.791400000000000000e+04
2.160000000000000000e+04
2.963600000000000000e+04
3.094000000000000000e+04
1.807200000000000000e+04
2.149200000000000000e+04
1.606600000000000000e+04
1.734800000000000000e+04
2.799000000000000000e+04
2.388200000000000000e+04
1.570000000000000000e+04
1.751800000000000000e+04
2.809800000000000000e+04
2.927200000000000000e+04
2.635600000000000000e+04
1.913400000000000000e+04
1.837000000000000000e+04
1.511800000000000000e+04
1.891000000000000000e+04
9.256000000000000000e+03
1.377000000000000000e+04
1.099400000000000000e+04
1.346400000000000000e+04
1.281400000000000000e+04
1.133000000000000000e+04
7.584000000000000000e+03
1.016000000000000000e+04
1.116800000000000000e+04
1.294800000000000000e+04
1.769600000000000000e+04
1.744400000000000000e+04
2.389400000000000000e+04
3.169800000000000000e+04
2.887000000000000000e+04
2.968800000000000000e+04
3.206400000000000000e+04
3.626800000000000000e+04
3.197600000000000000e+04
3.302200000000000000e+04
2.106800000000000000e+04
6.837200000000000000e+04
2.562400000000000000e+04
4.449400000000000000e+04
2.476200000000000000e+04
2.708600000000000000e+04
3.001000000000000000e+04
2.347800000000000000e+04
3.042600000000000000e+04
3.832400000000000000e+04
2.972800000000000000e+04
1.414400000000000000e+04
4.345000000000000000e+04
2.353600000000000000e+04
2.746400000000000000e+04
3.180400000000000000e+04
2.782200000000000000e+04
3.026400000000000000e+04
2.181000000000000000e+04
2.847400000000000000e+04
1.959600000000000000e+04
2.326800000000000000e+04
1.541600000000000000e+04
1.967200000000000000e+04
2.016000000000000000e+04
1.194400000000000000e+04
1.907600000000000000e+04
1.311800000000000000e+04
1.540200000000000000e+04
1.633200000000000000e+04
2.884800000000000000e+04
2.880600000000000000e+04
3.161000000000000000e+04
2.897800000000000000e+04
1.065600000000000000e+04
1.938000000000000000e+04
1.840400000000000000e+04
1.318800000000000000e+04
1.657200000000000000e+04
1.612400000000000000e+04
1.232600000000000000e+04
1.126600000000000000e+04
1.733200000000000000e+04
2.115800000000000000e+04
2.119000000000000000e+04
1.170800000000000000e+04
1.026600000000000000e+04
1.854600000000000000e+04
1.302000000000000000e+04
1.200000000000000000e+04
1.548200000000000000e+04
1.651400000000000000e+04
1.419800000000000000e+04
1.950800000000000000e+04
1.365800000000000000e+04
1.321200000000000000e+04
1.832600000000000000e+04
1.407200000000000000e+04
2.824800000000000000e+04
2.181200000000000000e+04
1.683000000000000000e+04
1.410400000000000000e+04
1.671600000000000000e+04
2.205200000000000000e+04
1.258200000000000000e+04
1.482800000000000000e+04
1.379800000000000000e+04
9.808000000000000000e+03
1.340200000000000000e+04
1.462400000000000000e+04
8.596000000000000000e+03
1.525000000000000000e+04
1.606800000000000000e+04
1.369000000000000000e+04
1.220800000000000000e+04
1.594000000000000000e+04
1.855000000000000000e+04
1.699200000000000000e+04
1.373400000000000000e+04
1.352000000000000000e+04
1.636200000000000000e+04
2.118000000000000000e+04
1.259800000000000000e+04
1.535200000000000000e+04
9.512000000000000000e+03
1.324600000000000000e+04
1.313400000000000000e+04
1.237000000000000000e+04
1.260600000000000000e+04
1.251000000000000000e+04
1.208600000000000000e+04
1.501200000000000000e+04
1.579000000000000000e+04
2.060000000000000000e+04
2.258000000000000000e+04
1.813000000000000000e+04
1.456600000000000000e+04
1.333400000000000000e+04
1.789200000000000000e+04
1.297800000000000000e+04
1.480000000000000000e+04
1.751000000000000000e+04
1.411200000000000000e+04
1.121800000000000000e+04
1.537600000000000000e+04
1.619600000000000000e+04
1.010400000000000000e+04
1.679600000000000000e+04
1.406800000000000000e+04
1.263400000000000000e+04
1.499600000000000000e+04
1.382400000000000000e+04
1.819800000000000000e+04
1.809000000000000000e+04
3.747800000000000000e+04
2.294400000000000000e+04
2.102000000000000000e+04
2.389600000000000000e+04
2.795600000000000000e+04
3.350600000000000000e+04
2.522200000000000000e+04
1.166000000000000000e+04
2.133200000000000000e+04
1.500200000000000000e+04
1.055200000000000000e+04
1.597600000000000000e+04
3.417200000000000000e+04
3.984600000000000000e+04
1.117000000000000000e+04
1.034600000000000000e+04
1.648000000000000000e+04
9.368000000000000000e+03
1.048400000000000000e+04
1.192800000000000000e+04
1.424600000000000000e+04
1.062600000000000000e+04
1.573000000000000000e+04
1.041400000000000000e+04
1.088000000000000000e+04
1.242600000000000000e+04
1.034000000000000000e+04
2.248400000000000000e+04
1.960000000000000000e+04
1.656000000000000000e+04
1.377760000000000000e+06
2.900060000000000000e+05
2.456420000000000000e+05
2.707620000000000000e+05
1.774400000000000000e+05
1.453760000000000000e+05
2.116520000000000000e+05
2.181420000000000000e+05
1.677440000000000000e+05
2.124840000000000000e+05
1.748640000000000000e+05
2.207940000000000000e+05
1.834280000000000000e+05
1.368900000000000000e+05
2.128740000000000000e+05
2.564100000000000000e+05
2.003880000000000000e+05
2.619940000000000000e+05
3.013860000000000000e+05
2.548280000000000000e+05
2.796720000000000000e+05
2.129480000000000000e+05
3.023720000000000000e+05
2.324000000000000000e+05
1.915700000000000000e+05
1.918140000000000000e+05
1.992080000000000000e+05
2.198740000000000000e+05
2.191900000000000000e+05
2.006740000000000000e+05
2.481860000000000000e+05
2.839580000000000000e+05
3.163040000000000000e+05
3.106500000000000000e+05
3.232040000000000000e+05
2.370920000000000000e+05
2.238620000000000000e+05
1.597420000000000000e+05
2.882540000000000000e+05
2.384280000000000000e+05
2.016000000000000000e+05
2.669340000000000000e+05
2.202420000000000000e+05
1.584280000000000000e+05
1.570100000000000000e+05
1.667640000000000000e+05
2.039840000000000000e+05
2.318840000000000000e+05
1.412420000000000000e+05
1.204900000000000000e+05
2.392480000000000000e+05
1.864160000000000000e+05
1.972180000000000000e+05
1.569560000000000000e+05
1.313040000000000000e+05
1.906540000000000000e+05
1.325300000000000000e+05
1.878520000000000000e+05
1.357520000000000000e+05
1.326980000000000000e+05
1.605800000000000000e+05
1.381200000000000000e+05
1.277000000000000000e+05
1.338060000000000000e+05
1.160100000000000000e+05
1.272000000000000000e+05
1.362420000000000000e+05
9.953000000000000000e+04
1.116240000000000000e+05
8.881800000000000000e+04
1.330140000000000000e+05
1.187340000000000000e+05
7.921000000000000000e+04
5.426400000000000000e+04
6.315800000000000000e+04
7.746200000000000000e+04
7.714000000000000000e+04
7.209800000000000000e+04
9.876600000000000000e+04
7.990000000000000000e+04
9.035800000000000000e+04
8.367800000000000000e+04
7.468600000000000000e+04
9.753800000000000000e+04
8.153600000000000000e+04
6.278800000000000000e+04
6.965600000000000000e+04
6.100000000000000000e+04
6.536800000000000000e+04
6.510200000000000000e+04
9.453000000000000000e+04
7.599800000000000000e+04
5.569400000000000000e+04
8.305200000000000000e+04
8.390200000000000000e+04
1.144800000000000000e+05
8.131400000000000000e+04
7.685200000000000000e+04
9.476600000000000000e+04
1.053240000000000000e+05
9.814000000000000000e+04
7.332400000000000000e+04
1.135040000000000000e+05
9.158000000000000000e+04
1.240360000000000000e+05
7.782400000000000000e+04
7.649600000000000000e+04
9.826200000000000000e+04
9.704600000000000000e+04
8.116600000000000000e+04
1.004780000000000000e+05
6.041800000000000000e+04
1.023460000000000000e+05
9.624400000000000000e+04
8.664400000000000000e+04
1.447060000000000000e+05
8.210600000000000000e+04
9.603200000000000000e+04
5.363800000000000000e+04
8.458600000000000000e+04
5.478200000000000000e+04
6.164400000000000000e+04
8.147400000000000000e+04
6.777600000000000000e+04
1.603620000000000000e+05
1.541860000000000000e+05
2.403600000000000000e+05
2.829340000000000000e+05
2.724240000000000000e+05
5.389200000000000000e+05
2.450940000000000000e+05
1.435020000000000000e+05
3.764200000000000000e+04
6.818000000000000000e+03
8.634000000000000000e+03
2.089000000000000000e+04
1.458400000000000000e+04
1.082800000000000000e+04
7.066000000000000000e+03
1.602800000000000000e+04
2.257800000000000000e+04
1.206400000000000000e+04
5.784800000000000000e+04
1.436560000000000000e+05
4.497880000000000000e+05
2.335300000000000000e+05
2.355760000000000000e+05
2.559480000000000000e+05
2.225880000000000000e+05
1.702040000000000000e+05
1.516800000000000000e+04
1.243800000000000000e+04
1.587000000000000000e+04
1.464000000000000000e+04
9.352000000000000000e+03
9.462000000000000000e+03
1.749200000000000000e+04
1.228800000000000000e+04
1.036600000000000000e+04
2.100000000000000000e+04
1.175600000000000000e+04
2.032000000000000000e+04
1.226000000000000000e+04
2.131400000000000000e+04
1.365200000000000000e+04
1.253000000000000000e+04
2.063000000000000000e+04
1.417200000000000000e+04
1.380400000000000000e+04
1.231600000000000000e+04
1.885200000000000000e+04
9.672000000000000000e+03
1.518000000000000000e+04
1.922200000000000000e+04
1.096400000000000000e+04
1.557400000000000000e+04
1.824600000000000000e+04
1.137800000000000000e+04
1.736400000000000000e+04
1.264200000000000000e+04
7.646000000000000000e+03
1.050200000000000000e+04
2.087800000000000000e+04
1.952600000000000000e+04
1.933200000000000000e+04
1.556800000000000000e+04
1.373000000000000000e+04
1.046200000000000000e+04
1.056200000000000000e+04
1.129600000000000000e+04
9.180000000000000000e+03
1.130800000000000000e+04
1.246800000000000000e+04
6.654000000000000000e+03
1.052400000000000000e+04
1.243600000000000000e+04
8.842000000000000000e+03
1.208800000000000000e+04
1.291000000000000000e+04
7.330000000000000000e+03
1.075000000000000000e+04
1.394200000000000000e+04
9.324000000000000000e+03
9.890000000000000000e+03
1.242200000000000000e+04
8.698000000000000000e+03
1.566400000000000000e+04
1.220000000000000000e+04
1.309800000000000000e+04
1.226000000000000000e+04
1.255800000000000000e+04
8.824000000000000000e+03
1.278600000000000000e+04
2.035000000000000000e+04
1.810800000000000000e+04
1.045800000000000000e+04
1.089800000000000000e+04
8.386000000000000000e+03
1.404000000000000000e+04
1.071600000000000000e+04
1.161200000000000000e+04
9.266000000000000000e+03
2.500200000000000000e+04
1.463800000000000000e+04
1.111600000000000000e+04
6.960000000000000000e+03
1.246600000000000000e+04
1.064200000000000000e+04
1.280000000000000000e+04
1.518200000000000000e+04
1.738200000000000000e+04
1.000200000000000000e+04
1.473000000000000000e+04
1.648400000000000000e+04
1.078600000000000000e+04
1.387000000000000000e+04
1.301800000000000000e+04
1.223000000000000000e+04
1.306800000000000000e+04
2.442400000000000000e+04
1.681800000000000000e+04
1.554600000000000000e+04
1.109400000000000000e+04
1.485800000000000000e+04
1.519400000000000000e+04
9.534000000000000000e+03
1.330000000000000000e+04
1.497000000000000000e+04
1.144400000000000000e+04
1.102400000000000000e+04
2.755400000000000000e+04
2.083000000000000000e+04
2.532800000000000000e+04
2.142400000000000000e+04
1.598000000000000000e+04
1.308000000000000000e+04
1.663000000000000000e+04
2.406200000000000000e+04
2.107800000000000000e+04
2.047000000000000000e+04
1.902600000000000000e+04
1.897600000000000000e+04
2.017800000000000000e+04
1.967800000000000000e+04
1.752800000000000000e+04
2.777800000000000000e+04
2.776600000000000000e+04
2.399000000000000000e+04
2.333200000000000000e+04
1.720600000000000000e+04
1.421200000000000000e+04
1.106000000000000000e+04
2.952400000000000000e+04
2.536000000000000000e+04
1.945000000000000000e+04
1.931000000000000000e+04
1.545200000000000000e+04
1.458200000000000000e+04
1.025200000000000000e+04
2.881000000000000000e+04
2.389200000000000000e+04
2.016800000000000000e+04
1.904000000000000000e+04
2.880400000000000000e+04
2.798800000000000000e+04
1.358800000000000000e+04
1.150200000000000000e+04
1.180000000000000000e+04
2.346600000000000000e+04
2.133200000000000000e+04
2.756200000000000000e+04
2.140400000000000000e+04
1.237200000000000000e+04
9.194000000000000000e+03
1.123600000000000000e+04
2.251800000000000000e+04
2.184200000000000000e+04
2.417800000000000000e+04
1.776000000000000000e+04
9.996000000000000000e+04
2.589800000000000000e+04
1.553000000000000000e+04
2.481200000000000000e+04
1.928000000000000000e+04
1.147600000000000000e+04
1.065000000000000000e+04
1.181800000000000000e+04
1.492200000000000000e+04
1.322000000000000000e+04
1.249400000000000000e+04
1.261000000000000000e+04
2.198000000000000000e+04
1.500600000000000000e+04
1.465600000000000000e+04
1.072400000000000000e+04
1.403200000000000000e+04
1.149000000000000000e+04
6.790000000000000000e+03
1.138800000000000000e+04
1.060018000000000000e+06
3.340200000000000000e+04
2.272400000000000000e+04
3.707600000000000000e+04
3.792000000000000000e+04
3.635400000000000000e+04
2.043200000000000000e+04
2.184800000000000000e+04
2.703200000000000000e+04
3.850200000000000000e+04
3.416000000000000000e+04
2.893000000000000000e+04
2.462800000000000000e+04
2.294400000000000000e+04
3.847600000000000000e+04
3.848600000000000000e+04
3.961200000000000000e+04
4.923000000000000000e+04
4.042600000000000000e+04
2.768200000000000000e+04
2.143800000000000000e+04
1.766800000000000000e+04
1.986000000000000000e+04
3.745200000000000000e+04
2.748000000000000000e+04
3.002000000000000000e+04
2.234600000000000000e+04
1.814000000000000000e+04
3.421000000000000000e+04
2.564200000000000000e+04
4.495400000000000000e+04
2.604400000000000000e+04
4.570600000000000000e+04
2.066600000000000000e+04
2.875400000000000000e+04
2.610400000000000000e+04
2.541400000000000000e+04
2.673800000000000000e+04
3.710600000000000000e+04
3.068800000000000000e+04
4.006200000000000000e+04
1.133600000000000000e+04
2.536600000000000000e+04
4.430400000000000000e+04
5.276000000000000000e+04
4.402000000000000000e+04
3.790000000000000000e+04
4.838400000000000000e+04
5.758400000000000000e+04
7.006800000000000000e+04
5.112600000000000000e+04
6.280200000000000000e+04
4.871600000000000000e+04
5.454200000000000000e+04
5.203600000000000000e+04
5.063600000000000000e+04
3.618600000000000000e+04
3.897600000000000000e+04
5.148000000000000000e+04
1.630630000000000000e+06
4.217200000000000000e+04
5.781200000000000000e+04
7.942800000000000000e+04
5.810200000000000000e+04
8.319000000000000000e+04
8.250600000000000000e+04
7.458000000000000000e+04
8.818400000000000000e+04
1.073660000000000000e+05
1.023040000000000000e+05
8.350000000000000000e+04
1.288340000000000000e+05
1.264540000000000000e+05
1.154800000000000000e+05
1.164380000000000000e+05
1.021300000000000000e+05
8.178600000000000000e+04
8.115400000000000000e+04
9.729800000000000000e+04
8.813800000000000000e+04
9.632200000000000000e+04
1.034700000000000000e+05
1.064200000000000000e+05
1.571840000000000000e+05
7.648400000000000000e+04
7.596200000000000000e+04
9.129400000000000000e+04
8.737600000000000000e+04
1.041360000000000000e+05
1.951620000000000000e+05
2.580520000000000000e+05
2.266200000000000000e+05
4.941200000000000000e+05
2.388300000000000000e+05
1.392320000000000000e+05
3.667400000000000000e+04
7.768000000000000000e+03
1.229200000000000000e+04
2.276200000000000000e+04
1.581600000000000000e+04
1.188200000000000000e+04
8.768000000000000000e+03
1.561200000000000000e+04
2.501200000000000000e+04
1.415400000000000000e+04
5.751200000000000000e+04
1.454960000000000000e+05
4.763280000000000000e+05
2.426460000000000000e+05
2.425580000000000000e+05
2.519260000000000000e+05
2.195980000000000000e+05
1.672080000000000000e+05
1.564200000000000000e+04
1.365400000000000000e+04
1.377600000000000000e+04
1.456800000000000000e+04
1.834200000000000000e+04
1.093200000000000000e+04
1.856200000000000000e+04
2.516400000000000000e+04
2.351600000000000000e+04
1.557000000000000000e+04
1.304000000000000000e+04
1.580600000000000000e+04
1.413000000000000000e+04
1.186400000000000000e+04
1.145600000000000000e+04
2.351600000000000000e+04
1.791600000000000000e+04
1.519400000000000000e+04
1.218200000000000000e+04
1.005200000000000000e+04
1.711200000000000000e+04
1.685600000000000000e+04
1.674000000000000000e+04
1.643000000000000000e+04
8.736000000000000000e+03
8.732000000000000000e+03
1.274200000000000000e+04
1.671200000000000000e+04
2.385800000000000000e+04
1.243200000000000000e+04
1.003400000000000000e+04
1.393400000000000000e+04
1.329000000000000000e+04
1.682200000000000000e+04
1.631000000000000000e+04
1.545000000000000000e+04
1.437800000000000000e+04
1.066000000000000000e+04
1.582600000000000000e+04
1.495000000000000000e+04
1.127400000000000000e+04
1.070800000000000000e+04
1.149400000000000000e+04
1.048200000000000000e+04
2.236200000000000000e+04
1.241200000000000000e+04
1.271000000000000000e+04
1.765200000000000000e+04
1.379400000000000000e+04
1.990600000000000000e+04
1.857600000000000000e+04
1.034800000000000000e+04
1.593000000000000000e+04
2.096400000000000000e+04
1.864200000000000000e+04
7.156600000000000000e+04
2.614000000000000000e+04
1.622200000000000000e+04
2.172200000000000000e+04
2.061400000000000000e+04
2.489600000000000000e+04
1.820800000000000000e+04
1.381000000000000000e+04
1.682800000000000000e+04
2.273200000000000000e+04
2.763600000000000000e+04
1.921600000000000000e+04
2.535200000000000000e+04
2.045200000000000000e+04
1.926000000000000000e+04
1.749600000000000000e+04
1.808600000000000000e+04
1.754000000000000000e+04
2.156400000000000000e+04
2.936800000000000000e+04
2.587200000000000000e+04
4.341000000000000000e+04
2.039800000000000000e+04
3.633200000000000000e+04
2.398800000000000000e+04
2.397200000000000000e+04
2.436800000000000000e+04
1.973600000000000000e+04
3.335600000000000000e+04
2.920400000000000000e+04
2.714400000000000000e+04
3.260800000000000000e+04
2.217600000000000000e+04
2.473400000000000000e+04
2.280600000000000000e+04
2.006400000000000000e+04
1.557000000000000000e+04
2.544400000000000000e+04
1.994800000000000000e+04
2.375400000000000000e+04
2.857200000000000000e+04
2.295000000000000000e+04
2.644800000000000000e+04
2.123000000000000000e+04
1.810800000000000000e+04
2.171200000000000000e+04
2.306200000000000000e+04
3.107600000000000000e+04
1.959400000000000000e+04
2.571400000000000000e+04
1.712200000000000000e+04
3.222200000000000000e+04
2.274400000000000000e+04
1.964800000000000000e+04
1.743600000000000000e+04
1.363400000000000000e+04
1.593600000000000000e+04
1.252800000000000000e+04
1.596600000000000000e+04
3.369000000000000000e+04
2.037800000000000000e+04
2.128000000000000000e+04
1.064200000000000000e+04
2.534400000000000000e+04
1.334400000000000000e+04
1.726600000000000000e+04
1.548600000000000000e+04
4.362000000000000000e+04
2.628000000000000000e+04
2.419800000000000000e+04
2.182600000000000000e+04
1.778200000000000000e+04
3.089400000000000000e+04
2.366600000000000000e+04
2.003000000000000000e+04
1.348400000000000000e+04
1.692200000000000000e+04
1.507800000000000000e+04
2.280600000000000000e+04
1.726000000000000000e+04
5.458000000000000000e+04
3.819800000000000000e+04
3.669400000000000000e+04
4.518400000000000000e+04
4.009200000000000000e+04
3.462000000000000000e+04
3.783800000000000000e+04
3.862200000000000000e+04
3.489000000000000000e+04
3.403800000000000000e+04
2.933000000000000000e+04
3.447800000000000000e+04
3.924000000000000000e+04
3.750000000000000000e+04
3.706800000000000000e+04
3.813000000000000000e+04
3.115600000000000000e+04
2.868800000000000000e+04
4.072800000000000000e+04
3.468600000000000000e+04
3.572400000000000000e+04
4.755200000000000000e+04
4.650200000000000000e+04
4.085800000000000000e+04
2.531400000000000000e+04
2.123000000000000000e+04
3.208200000000000000e+04
3.442400000000000000e+04
1.545400000000000000e+04
1.030400000000000000e+04
9.390000000000000000e+03
3.616800000000000000e+04
3.151600000000000000e+04
9.516000000000000000e+03
1.413982000000000000e+06
2.148200000000000000e+05
2.258000000000000000e+05
2.275740000000000000e+05
2.635500000000000000e+05
2.458680000000000000e+05
2.286580000000000000e+05
2.956280000000000000e+05
2.430140000000000000e+05
2.029260000000000000e+05
1.968220000000000000e+05
1.934300000000000000e+05
1.918780000000000000e+05
3.457760000000000000e+05
2.574940000000000000e+05
2.034200000000000000e+05
1.755240000000000000e+05
1.932180000000000000e+05
2.138840000000000000e+05
1.837600000000000000e+05
1.516220000000000000e+05
2.088040000000000000e+05
1.912560000000000000e+05
1.504020000000000000e+05
1.652920000000000000e+05
1.411660000000000000e+05
1.097280000000000000e+05
9.883400000000000000e+04
9.984400000000000000e+04
1.016960000000000000e+05
1.306880000000000000e+05
1.090020000000000000e+05
8.733800000000000000e+04
1.049720000000000000e+05
1.144940000000000000e+05
8.470000000000000000e+04
7.383800000000000000e+04
7.381800000000000000e+04
5.707600000000000000e+04
5.570000000000000000e+04
7.576200000000000000e+04
7.369600000000000000e+04
7.223600000000000000e+04
3.894000000000000000e+04
2.546000000000000000e+04
5.254800000000000000e+04
5.606400000000000000e+04
3.733800000000000000e+04
4.034000000000000000e+04
3.850200000000000000e+04
4.865400000000000000e+04
3.958000000000000000e+04
4.379000000000000000e+04
6.441000000000000000e+04
5.831400000000000000e+04
5.373200000000000000e+04
7.569800000000000000e+04
6.949400000000000000e+04
5.469400000000000000e+04
5.805000000000000000e+04
5.156600000000000000e+04
1.040160000000000000e+05
6.085800000000000000e+04
5.072200000000000000e+04
5.941400000000000000e+04
6.965200000000000000e+04
6.620600000000000000e+04
5.571000000000000000e+04
8.511200000000000000e+04
9.506600000000000000e+04
8.746400000000000000e+04
7.826000000000000000e+04
9.089000000000000000e+04
1.263240000000000000e+05
1.320180000000000000e+05
2.284740000000000000e+05
1.863220000000000000e+05
2.259240000000000000e+05
1.841200000000000000e+05
9.524400000000000000e+04
1.319360000000000000e+05
8.931000000000000000e+04
1.294100000000000000e+05
1.282480000000000000e+05
1.343140000000000000e+05
1.090300000000000000e+05
1.331700000000000000e+05
1.402960000000000000e+05
1.603980000000000000e+05
9.342000000000000000e+04
1.155600000000000000e+05
1.465560000000000000e+05
1.104680000000000000e+05
1.425040000000000000e+05
1.344580000000000000e+05
1.519940000000000000e+05
1.144520000000000000e+05
1.442800000000000000e+05
1.436560000000000000e+05
1.539680000000000000e+05
1.309200000000000000e+05
1.361540000000000000e+05
1.218880000000000000e+05
1.059200000000000000e+05
1.470540000000000000e+05
1.237720000000000000e+05
1.633520000000000000e+05
1.470640000000000000e+05
1.397500000000000000e+05
2.940240000000000000e+05
2.757040000000000000e+05
9.524400000000000000e+04
9.998400000000000000e+04
1.582740000000000000e+05
7.618200000000000000e+04
8.325400000000000000e+04
7.516400000000000000e+04
1.043720000000000000e+05
8.918200000000000000e+04
8.261400000000000000e+04
9.170800000000000000e+04
1.492100000000000000e+05
9.586800000000000000e+04
8.488200000000000000e+04
1.767440000000000000e+05
1.618532000000000000e+06
6.133600000000000000e+04
4.480000000000000000e+04
3.441600000000000000e+04
2.345000000000000000e+04
4.506400000000000000e+04
1.457000000000000000e+04
5.019600000000000000e+04
3.669400000000000000e+04
2.011800000000000000e+04
4.767600000000000000e+04
1.355600000000000000e+04
4.874400000000000000e+04
3.883800000000000000e+04
2.101400000000000000e+04
4.475000000000000000e+04
2.992400000000000000e+04
5.275800000000000000e+04
3.373600000000000000e+04
2.322400000000000000e+04
4.176800000000000000e+04
3.209400000000000000e+04
1.497120000000000000e+05
4.559600000000000000e+04
4.668000000000000000e+04
5.704200000000000000e+04
1.173880000000000000e+05
2.203620000000000000e+05
2.748500000000000000e+05
2.659640000000000000e+05
5.388180000000000000e+05
2.461120000000000000e+05
1.438040000000000000e+05
4.031000000000000000e+04
7.772000000000000000e+03
1.122800000000000000e+04
2.359800000000000000e+04
1.542000000000000000e+04
1.063400000000000000e+04
6.718000000000000000e+03
1.420600000000000000e+04
1.692200000000000000e+04
9.622000000000000000e+03
5.642200000000000000e+04
1.455000000000000000e+05
4.777560000000000000e+05
2.384100000000000000e+05
2.401480000000000000e+05
2.544740000000000000e+05
2.220500000000000000e+05
1.676280000000000000e+05
1.075600000000000000e+04
1.462200000000000000e+04
1.213600000000000000e+04
9.778000000000000000e+03
1.340400000000000000e+04
8.834000000000000000e+03
8.836000000000000000e+03
1.169800000000000000e+04
7.832000000000000000e+03
8.952000000000000000e+03
1.757600000000000000e+04
1.734400000000000000e+04
2.781600000000000000e+04
1.368600000000000000e+04
2.350000000000000000e+04
1.488800000000000000e+04
2.855200000000000000e+04
1.613400000000000000e+04
2.250800000000000000e+04
1.493400000000000000e+04
1.369200000000000000e+04
2.914800000000000000e+04
1.922400000000000000e+04
2.469200000000000000e+04
1.616000000000000000e+04
3.048400000000000000e+04
1.785600000000000000e+04
1.937400000000000000e+04
1.313600000000000000e+04
1.414400000000000000e+04
1.789200000000000000e+04
1.264400000000000000e+04
1.315000000000000000e+04
1.260200000000000000e+04
1.137400000000000000e+04
1.247000000000000000e+04
1.217400000000000000e+04
1.128000000000000000e+04
1.263400000000000000e+04
1.554600000000000000e+04
1.305600000000000000e+04
1.370000000000000000e+04
1.595200000000000000e+04
1.113000000000000000e+04
1.466000000000000000e+04
1.265400000000000000e+04
1.138200000000000000e+04
1.516000000000000000e+04
1.603400000000000000e+04
1.398000000000000000e+04
1.224400000000000000e+04
1.128600000000000000e+04
1.430600000000000000e+04
1.209000000000000000e+04
1.587000000000000000e+04
1.215200000000000000e+04
1.094800000000000000e+04
1.214800000000000000e+04
1.022600000000000000e+04
1.239400000000000000e+04
1.613400000000000000e+04
1.430400000000000000e+04
1.253600000000000000e+04
1.344400000000000000e+04
1.378400000000000000e+04
1.181800000000000000e+04
1.678600000000000000e+04
1.448800000000000000e+04
1.428800000000000000e+04
1.923200000000000000e+04
1.734200000000000000e+04
1.173800000000000000e+04
2.268600000000000000e+04
1.346800000000000000e+04
1.795800000000000000e+04
1.854000000000000000e+04
1.362600000000000000e+04
1.891200000000000000e+04
1.870000000000000000e+04
1.369600000000000000e+04
1.573200000000000000e+04
3.221200000000000000e+04
2.440600000000000000e+04
2.466600000000000000e+04
2.437400000000000000e+04
1.275200000000000000e+04
1.190600000000000000e+04
1.376200000000000000e+04
1.322800000000000000e+04
1.395400000000000000e+04
1.392000000000000000e+04
1.412800000000000000e+04
1.305600000000000000e+04
1.449000000000000000e+04
1.439800000000000000e+04
1.208000000000000000e+04
1.589800000000000000e+04
2.256800000000000000e+04
2.242000000000000000e+04
1.284000000000000000e+04
1.195200000000000000e+04
1.433000000000000000e+04
1.454400000000000000e+04
1.412000000000000000e+04
1.447200000000000000e+04
1.535800000000000000e+04
1.297400000000000000e+04
1.767200000000000000e+04
1.439400000000000000e+04
1.214400000000000000e+04
1.411800000000000000e+04
1.702200000000000000e+04
1.400800000000000000e+04
1.535200000000000000e+04
1.246600000000000000e+04
1.116600000000000000e+04
1.640800000000000000e+04
2.918400000000000000e+04
2.929000000000000000e+04
2.853000000000000000e+04
2.331400000000000000e+04
1.675200000000000000e+04
1.096400000000000000e+04
1.639800000000000000e+04
1.777200000000000000e+04
1.928200000000000000e+04
1.685000000000000000e+04
2.163600000000000000e+04
2.445200000000000000e+04
1.730200000000000000e+04
1.466200000000000000e+04
1.766400000000000000e+04
1.639400000000000000e+04
1.657400000000000000e+04
1.757000000000000000e+04
1.740000000000000000e+04
1.208000000000000000e+04
1.296200000000000000e+04
1.575800000000000000e+04
1.220000000000000000e+04
1.831600000000000000e+04
2.994600000000000000e+04
2.925600000000000000e+04
1.803600000000000000e+04
1.226000000000000000e+04
1.507800000000000000e+04
8.157600000000000000e+04
1.809400000000000000e+04
1.011200000000000000e+04
1.565800000000000000e+04
1.456000000000000000e+04
1.257400000000000000e+04
1.560000000000000000e+04
2.358600000000000000e+04
2.337400000000000000e+04
1.562000000000000000e+04
1.219000000000000000e+04
1.617800000000000000e+04
1.444200000000000000e+04
1.383000000000000000e+04
1.385600000000000000e+04
1.333800000000000000e+04
1.402600000000000000e+04
1.835400000000000000e+04
1.562400000000000000e+04
1.729400000000000000e+04
2.368400000000000000e+04
1.517200000000000000e+04
2.016400000000000000e+04
1.375000000000000000e+04
1.431800000000000000e+04
1.297400000000000000e+04
2.504600000000000000e+04
2.354200000000000000e+04
1.929000000000000000e+04
1.455400000000000000e+04
2.709400000000000000e+04
2.138000000000000000e+04
2.276800000000000000e+04
2.235200000000000000e+04
1.922200000000000000e+04
2.253200000000000000e+04
2.928800000000000000e+04
2.920800000000000000e+04
2.746600000000000000e+04
2.528800000000000000e+04
2.223000000000000000e+04
2.237800000000000000e+04
1.116800000000000000e+04
1.208000000000000000e+04
1.089600000000000000e+04
2.123800000000000000e+04
1.541200000000000000e+04
2.865000000000000000e+04
2.500000000000000000e+04
1.594600000000000000e+04
3.354600000000000000e+04
1.256340000000000000e+05
2.017660000000000000e+05
2.506220000000000000e+05
2.480860000000000000e+05
5.043240000000000000e+05
2.407020000000000000e+05
1.409420000000000000e+05
4.184800000000000000e+04
1.784000000000000000e+04
1.804600000000000000e+04
1.463000000000000000e+04
1.022200000000000000e+04
1.296200000000000000e+04
7.184000000000000000e+03
1.452600000000000000e+04
2.603600000000000000e+04
1.394800000000000000e+04
5.230800000000000000e+04
1.322460000000000000e+05
4.531960000000000000e+05
2.289740000000000000e+05
2.298920000000000000e+05
2.502400000000000000e+05
2.215160000000000000e+05
1.697540000000000000e+05
9.870000000000000000e+03
1.119600000000000000e+04
1.152800000000000000e+04
1.238600000000000000e+04
1.131400000000000000e+04
1.284800000000000000e+04
2.567400000000000000e+04
1.606200000000000000e+04
2.089400000000000000e+04
1.561400000000000000e+04
1.635400000000000000e+04
3.144800000000000000e+04
2.125200000000000000e+04
3.722400000000000000e+04
2.725400000000000000e+04
3.500600000000000000e+04
2.021600000000000000e+04
4.445000000000000000e+04
2.913600000000000000e+04
3.003000000000000000e+04
2.593200000000000000e+04
2.616200000000000000e+04
2.756000000000000000e+04
2.016800000000000000e+04
1.862000000000000000e+04
2.768400000000000000e+04
2.394200000000000000e+04
1.693800000000000000e+04
3.382200000000000000e+04
2.482200000000000000e+04
4.194200000000000000e+04
3.137000000000000000e+04
3.473200000000000000e+04
2.918200000000000000e+04
1.760200000000000000e+04
2.265600000000000000e+04
1.712800000000000000e+04
1.856800000000000000e+04
1.362400000000000000e+04
1.556400000000000000e+04
3.561200000000000000e+04
3.280800000000000000e+04
1.849200000000000000e+04
1.065800000000000000e+04
1.514000000000000000e+04
1.850000000000000000e+04
1.300400000000000000e+04
1.685000000000000000e+04
1.875000000000000000e+04
1.304000000000000000e+04
1.463200000000000000e+04
1.836800000000000000e+04
1.289000000000000000e+04
1.830600000000000000e+04
1.852600000000000000e+04
1.474800000000000000e+04
1.110600000000000000e+04
1.675200000000000000e+04
1.401400000000000000e+04
1.725600000000000000e+04
1.972600000000000000e+04
1.341400000000000000e+04
1.537000000000000000e+04
1.683200000000000000e+04
1.328400000000000000e+04
2.295200000000000000e+04
2.684800000000000000e+04
1.666200000000000000e+04
1.466200000000000000e+04
2.069600000000000000e+04
1.895000000000000000e+04
1.536800000000000000e+04
1.735800000000000000e+04
1.566800000000000000e+04
2.256200000000000000e+04
1.233200000000000000e+04
1.608200000000000000e+04
1.258800000000000000e+04
1.315000000000000000e+04
1.283800000000000000e+04
1.333000000000000000e+04
1.419600000000000000e+04
1.333400000000000000e+04
1.568000000000000000e+04
1.402800000000000000e+04
1.396200000000000000e+04
3.208400000000000000e+04
2.497800000000000000e+04
1.188700000000000000e+05
2.994200000000000000e+04
2.186200000000000000e+04
2.777600000000000000e+04
2.671800000000000000e+04
1.695800000000000000e+04
1.964600000000000000e+04
1.688000000000000000e+04
2.156400000000000000e+04
1.425400000000000000e+04
1.404400000000000000e+04
1.296800000000000000e+04
1.675600000000000000e+04
1.451000000000000000e+04
1.410800000000000000e+04
9.882000000000000000e+03
1.508400000000000000e+04
1.572200000000000000e+04
1.632800000000000000e+04
1.177600000000000000e+04
2.621800000000000000e+04
2.264400000000000000e+04
2.363800000000000000e+04
2.065200000000000000e+04
3.064400000000000000e+04
3.445600000000000000e+04
2.081000000000000000e+04
1.574600000000000000e+04
2.228000000000000000e+04
1.772600000000000000e+04
1.407200000000000000e+04
1.825800000000000000e+04
1.943000000000000000e+04
1.703000000000000000e+04
1.848800000000000000e+04
4.696000000000000000e+04
3.975600000000000000e+04
2.482000000000000000e+04
2.278800000000000000e+04
2.182000000000000000e+04
2.312800000000000000e+04
1.638200000000000000e+04
2.399000000000000000e+04
2.169600000000000000e+04
1.547600000000000000e+04
1.537600000000000000e+04
2.248200000000000000e+04
1.922800000000000000e+04
1.581200000000000000e+04
1.991000000000000000e+04
1.180800000000000000e+04
1.083000000000000000e+04
2.329000000000000000e+04
1.782600000000000000e+04
2.164800000000000000e+04
2.131400000000000000e+04
1.364600000000000000e+04
1.147400000000000000e+04
1.141200000000000000e+04
1.862000000000000000e+04
1.451200000000000000e+04
1.331800000000000000e+04
1.628200000000000000e+04
1.647200000000000000e+04
1.695600000000000000e+04
1.762600000000000000e+04
1.991400000000000000e+04
1.658800000000000000e+04
3.667000000000000000e+04
2.736400000000000000e+04
1.922600000000000000e+04
3.924000000000000000e+04
2.570600000000000000e+04
4.028600000000000000e+04
3.238400000000000000e+04
2.192400000000000000e+04
2.025400000000000000e+04
2.081200000000000000e+04
1.827400000000000000e+04
1.867600000000000000e+04
2.097800000000000000e+04
2.618800000000000000e+04
2.486000000000000000e+04
4.335400000000000000e+04
3.774400000000000000e+04
2.351000000000000000e+04
2.464400000000000000e+04
1.666400000000000000e+04
3.619400000000000000e+04
2.972200000000000000e+04
1.885000000000000000e+04
1.746000000000000000e+04
1.847400000000000000e+04
2.642200000000000000e+04
2.512200000000000000e+04
1.660400000000000000e+04
1.558000000000000000e+04
1.611800000000000000e+04
3.577000000000000000e+04
2.789000000000000000e+04
1.806200000000000000e+04
1.073400000000000000e+04
1.869600000000000000e+04
1.392800000000000000e+04
1.118600000000000000e+04
1.331200000000000000e+04
1.470000000000000000e+04
1.492800000000000000e+04
1.741800000000000000e+04
3.139800000000000000e+04
2.819600000000000000e+04
1.880400000000000000e+04
1.235000000000000000e+04
1.663000000000000000e+04
1.322600000000000000e+04
1.353000000000000000e+04
1.310400000000000000e+04
1.576000000000000000e+04
1.737600000000000000e+04
1.250000000000000000e+04
1.192220000000000000e+05
2.734000000000000000e+04
1.489800000000000000e+04
1.579200000000000000e+04
1.338800000000000000e+04
1.155780000000000000e+06
2.853380000000000000e+05
3.044780000000000000e+05
1.622940000000000000e+05
2.429640000000000000e+05
1.912080000000000000e+05
1.894380000000000000e+05
2.600240000000000000e+05
2.262400000000000000e+05
1.765480000000000000e+05
1.742840000000000000e+05
1.448260000000000000e+05
1.495820000000000000e+05
1.742320000000000000e+05
1.372380000000000000e+05
1.242680000000000000e+05
1.439380000000000000e+05
1.780800000000000000e+05
1.780640000000000000e+05
1.545440000000000000e+05
1.662120000000000000e+05
1.666700000000000000e+05
1.473020000000000000e+05
1.878940000000000000e+05
2.100260000000000000e+05
1.951900000000000000e+05
2.560360000000000000e+05
2.373680000000000000e+05
3.101820000000000000e+05
2.383840000000000000e+05
2.868960000000000000e+05
2.996740000000000000e+05
2.494340000000000000e+05
1.893920000000000000e+05
2.090000000000000000e+05
2.353560000000000000e+05
1.976340000000000000e+05
2.092000000000000000e+05
2.633760000000000000e+05
1.805300000000000000e+05
1.541520000000000000e+05
2.292000000000000000e+05
2.672720000000000000e+05
2.815040000000000000e+05
2.305380000000000000e+05
1.913440000000000000e+05
1.584580000000000000e+05
2.004240000000000000e+05
1.761980000000000000e+05
1.718520000000000000e+05
2.171300000000000000e+05
2.046800000000000000e+05
2.283360000000000000e+05
2.711240000000000000e+05
2.767480000000000000e+05
1.992380000000000000e+05
1.209398000000000000e+06
9.928000000000000000e+04
9.185800000000000000e+04
1.133240000000000000e+05
8.483800000000000000e+04
9.146200000000000000e+04
1.264600000000000000e+05
1.326040000000000000e+05
1.272700000000000000e+05
1.134460000000000000e+05
1.082600000000000000e+05
9.523200000000000000e+04
9.402400000000000000e+04
7.962400000000000000e+04
5.790200000000000000e+04
6.242000000000000000e+04
7.739600000000000000e+04
6.053800000000000000e+04
7.740200000000000000e+04
7.815200000000000000e+04
8.650400000000000000e+04
8.101000000000000000e+04
7.888400000000000000e+04
8.879200000000000000e+04
5.842400000000000000e+04
7.591400000000000000e+04
7.628600000000000000e+04
6.465200000000000000e+04
8.133400000000000000e+04
7.800600000000000000e+04
6.861600000000000000e+04
6.992800000000000000e+04
6.426800000000000000e+04
5.682400000000000000e+04
6.157400000000000000e+04
8.123000000000000000e+04
6.130200000000000000e+04
6.899000000000000000e+04
9.248000000000000000e+04
9.717600000000000000e+04
8.565400000000000000e+04
6.459600000000000000e+04
7.428400000000000000e+04
7.708600000000000000e+04
7.914000000000000000e+04
7.224800000000000000e+04
8.177600000000000000e+04
7.103400000000000000e+04
1.040340000000000000e+05
8.849200000000000000e+04
8.796400000000000000e+04
1.207480000000000000e+05
1.039600000000000000e+05
9.492200000000000000e+04
7.190400000000000000e+04
1.081900000000000000e+05
1.069320000000000000e+05
1.391540000000000000e+05
1.171320000000000000e+05
1.057820000000000000e+05
1.281300000000000000e+05
8.126600000000000000e+04
7.997600000000000000e+04
1.391160000000000000e+05
1.303520000000000000e+05
1.185160000000000000e+05
1.659620000000000000e+05
8.623000000000000000e+04
9.965000000000000000e+04
1.194100000000000000e+05
9.699400000000000000e+04
1.229580000000000000e+05
1.384460000000000000e+05
8.913800000000000000e+04
9.278800000000000000e+04
1.182640000000000000e+05
7.806200000000000000e+04
7.915600000000000000e+04
9.116000000000000000e+04
1.026920000000000000e+05
1.230140000000000000e+05
8.716800000000000000e+04
1.104820000000000000e+05
1.437200000000000000e+05
1.351840000000000000e+05
1.080140000000000000e+05
8.276000000000000000e+04
1.092180000000000000e+05
1.087020000000000000e+05
9.876000000000000000e+04
1.017840000000000000e+05
1.183900000000000000e+05
1.010120000000000000e+05
1.738720000000000000e+05
8.756000000000000000e+04
7.429600000000000000e+04
1.122060000000000000e+05
9.620400000000000000e+04
1.051860000000000000e+05
1.042120000000000000e+05
7.499800000000000000e+04
1.040620000000000000e+05
1.085780000000000000e+05
1.103900000000000000e+05
9.653800000000000000e+04
5.791200000000000000e+04
6.973000000000000000e+04
7.655800000000000000e+04
6.738000000000000000e+04
9.435800000000000000e+04
1.002100000000000000e+05
8.588400000000000000e+04
6.153000000000000000e+04
5.503400000000000000e+04
5.406200000000000000e+04
8.555000000000000000e+04
7.842800000000000000e+04
5.453000000000000000e+04
7.625000000000000000e+04
7.306600000000000000e+04
5.609400000000000000e+04
5.165200000000000000e+04
6.003400000000000000e+04
7.071600000000000000e+04
8.495400000000000000e+04
7.540200000000000000e+04
7.523400000000000000e+04
6.927600000000000000e+04
4.832600000000000000e+04
6.421200000000000000e+04
5.245600000000000000e+04
8.394600000000000000e+04
8.301000000000000000e+04
6.831600000000000000e+04
7.685200000000000000e+04
6.874000000000000000e+04
6.656400000000000000e+04
3.947600000000000000e+04
6.376200000000000000e+04
5.588000000000000000e+04
7.163800000000000000e+04
7.721600000000000000e+04
6.315200000000000000e+04
5.048000000000000000e+04
4.549200000000000000e+04
5.077000000000000000e+04
5.089000000000000000e+04
5.304000000000000000e+04
6.686000000000000000e+04
6.325400000000000000e+04
6.505600000000000000e+04
6.226000000000000000e+04
4.806000000000000000e+04
4.563400000000000000e+04
7.756000000000000000e+04
8.093000000000000000e+04
9.598600000000000000e+04
6.066800000000000000e+04
6.127600000000000000e+04
5.327200000000000000e+04
6.392200000000000000e+04
4.909200000000000000e+04
7.567200000000000000e+04
6.261400000000000000e+04
5.511600000000000000e+04
4.638000000000000000e+04
5.588400000000000000e+04
5.292000000000000000e+04
3.360400000000000000e+04
8.245280000000000000e+05
5.597000000000000000e+04
4.825200000000000000e+04
3.056200000000000000e+04
2.623200000000000000e+04
2.411800000000000000e+04
5.978200000000000000e+04
4.127800000000000000e+04
4.924200000000000000e+04
3.689800000000000000e+04
4.739600000000000000e+04
3.718400000000000000e+04
5.277800000000000000e+04
3.745200000000000000e+04
4.656400000000000000e+04
3.745200000000000000e+04
4.647600000000000000e+04
4.554800000000000000e+04
5.577200000000000000e+04
4.246200000000000000e+04
3.164800000000000000e+04
2.097800000000000000e+04
1.918800000000000000e+04
1.861400000000000000e+04
1.781200000000000000e+04
2.133200000000000000e+04
5.712000000000000000e+04
4.964000000000000000e+04
2.228800000000000000e+04
2.492200000000000000e+04
2.629400000000000000e+04
5.538400000000000000e+04
4.605800000000000000e+04
5.633600000000000000e+04
4.938200000000000000e+04
4.745600000000000000e+04
3.892000000000000000e+04
5.383400000000000000e+04
5.121200000000000000e+04
2.189000000000000000e+04
2.379600000000000000e+04
2.501800000000000000e+04
5.136600000000000000e+04
5.169400000000000000e+04
5.522400000000000000e+04
4.256000000000000000e+04
5.623600000000000000e+04
5.129600000000000000e+04
6.036600000000000000e+04
5.680200000000000000e+04
5.711200000000000000e+04
4.773800000000000000e+04
5.723800000000000000e+04
5.335800000000000000e+04
5.836800000000000000e+04
5.354600000000000000e+04
6.020600000000000000e+04
5.737400000000000000e+04
4.828000000000000000e+04
4.625600000000000000e+04
4.871000000000000000e+04
4.242000000000000000e+04
2.466600000000000000e+04
1.823600000000000000e+04
2.314000000000000000e+04
5.313400000000000000e+04
4.744800000000000000e+04
2.070400000000000000e+04
1.952000000000000000e+04
2.153000000000000000e+04
2.095600000000000000e+05
2.736600000000000000e+04
1.927800000000000000e+04
2.322600000000000000e+04
2.990600000000000000e+04
2.098600000000000000e+04
1.844400000000000000e+04
4.920000000000000000e+04
3.298200000000000000e+04
2.367800000000000000e+04
2.262600000000000000e+04
2.127600000000000000e+04
4.677000000000000000e+04
5.822800000000000000e+04
1.299840000000000000e+05
2.065620000000000000e+05
2.643740000000000000e+05
2.559300000000000000e+05
5.098760000000000000e+05
2.383200000000000000e+05
1.426020000000000000e+05
4.027600000000000000e+04
9.226000000000000000e+03
1.309600000000000000e+04
2.685800000000000000e+04
1.554400000000000000e+04
1.237600000000000000e+04
9.956000000000000000e+03
1.795800000000000000e+04
2.586000000000000000e+04
1.497800000000000000e+04
5.867000000000000000e+04
1.467140000000000000e+05
4.743400000000000000e+05
2.394020000000000000e+05
2.446580000000000000e+05
2.499620000000000000e+05
2.215440000000000000e+05
1.660280000000000000e+05
1.809000000000000000e+04
1.800800000000000000e+04
1.821600000000000000e+04
1.093200000000000000e+04
1.994400000000000000e+04
2.044000000000000000e+04
1.304000000000000000e+04
2.075200000000000000e+04
1.802800000000000000e+04
1.577000000000000000e+04
1.621200000000000000e+04
1.725400000000000000e+04
9.376000000000000000e+03
1.171200000000000000e+04
1.023400000000000000e+04
8.850000000000000000e+03
1.580600000000000000e+04
1.214600000000000000e+04
1.348000000000000000e+04
2.461200000000000000e+04
2.087600000000000000e+04
1.697200000000000000e+04
1.198800000000000000e+04
1.076800000000000000e+04
1.188400000000000000e+04
1.067200000000000000e+04
1.226600000000000000e+04
1.263000000000000000e+04
1.462200000000000000e+04
1.027800000000000000e+04
1.255400000000000000e+04
1.491200000000000000e+04
1.378800000000000000e+04
1.538600000000000000e+04
1.656000000000000000e+04
1.545200000000000000e+04
2.024200000000000000e+04
1.297600000000000000e+04
1.487400000000000000e+04
1.678200000000000000e+04
1.112000000000000000e+04
1.331200000000000000e+04
1.332800000000000000e+04
1.225400000000000000e+04
1.789800000000000000e+04
1.481200000000000000e+04
1.168200000000000000e+04
1.149400000000000000e+04
1.572800000000000000e+04
1.332200000000000000e+04
1.474600000000000000e+04
1.267600000000000000e+04
1.493800000000000000e+04
1.528800000000000000e+04
1.252600000000000000e+04
1.394800000000000000e+04
9.318000000000000000e+03
1.337800000000000000e+04
1.296800000000000000e+04
1.111400000000000000e+04
9.460000000000000000e+03
1.367600000000000000e+04
8.186000000000000000e+03
1.000600000000000000e+04
1.416000000000000000e+04
1.177600000000000000e+04
1.366000000000000000e+04
1.495400000000000000e+04
1.244200000000000000e+04
9.724000000000000000e+03
1.390200000000000000e+04
1.130000000000000000e+04
1.350800000000000000e+04
1.338000000000000000e+04
2.394400000000000000e+04
1.943000000000000000e+04
2.163400000000000000e+04
2.359800000000000000e+04
1.490400000000000000e+04
1.378000000000000000e+04
1.674000000000000000e+04
4.215400000000000000e+04
1.091200000000000000e+04
3.009200000000000000e+04
1.840800000000000000e+04
2.920400000000000000e+04
2.458800000000000000e+04
2.386400000000000000e+04
3.038800000000000000e+04
2.649800000000000000e+04
2.124000000000000000e+04
1.885600000000000000e+04
2.125200000000000000e+04
1.723200000000000000e+04
2.174400000000000000e+04
2.101600000000000000e+04
1.537400000000000000e+04
1.510400000000000000e+04
2.021600000000000000e+04
2.916400000000000000e+04
2.447600000000000000e+04
1.906200000000000000e+04
1.961200000000000000e+04
1.981200000000000000e+04
2.546800000000000000e+04
1.987000000000000000e+04
1.290200000000000000e+04
2.113400000000000000e+04
1.826400000000000000e+04
1.434000000000000000e+04
1.507600000000000000e+04
1.421000000000000000e+04
1.391000000000000000e+04
1.443800000000000000e+04
1.576600000000000000e+04
1.712200000000000000e+04
1.118600000000000000e+04
1.311800000000000000e+04
1.598600000000000000e+04
1.397600000000000000e+04
1.304600000000000000e+04
1.254800000000000000e+04
1.722600000000000000e+04
1.219200000000000000e+04
1.469000000000000000e+04
1.460400000000000000e+04
1.171800000000000000e+04
1.479200000000000000e+04
1.300400000000000000e+04
1.155800000000000000e+04
1.475600000000000000e+04
1.404400000000000000e+04
1.134400000000000000e+04
2.045800000000000000e+04
9.538000000000000000e+03
1.814400000000000000e+04
2.346600000000000000e+04
2.230800000000000000e+04
3.011000000000000000e+04
2.837600000000000000e+04
1.643800000000000000e+04
1.868800000000000000e+04
1.596800000000000000e+04
1.767400000000000000e+04
1.973400000000000000e+04
1.734800000000000000e+04
1.463800000000000000e+04
1.578600000000000000e+04
1.500200000000000000e+04
1.458600000000000000e+04
1.445800000000000000e+04
1.548400000000000000e+04
2.047400000000000000e+04
1.381600000000000000e+04
1.952800000000000000e+04
1.794400000000000000e+04
1.669600000000000000e+04
1.927400000000000000e+04
2.989000000000000000e+04
2.821400000000000000e+04
1.225600000000000000e+04
2.083800000000000000e+04
1.645400000000000000e+04
1.647600000000000000e+04
1.666000000000000000e+04
1.567800000000000000e+04
1.701600000000000000e+04
1.237200000000000000e+04
1.998000000000000000e+04
4.308600000000000000e+04
4.222600000000000000e+04
3.952400000000000000e+04
4.205800000000000000e+04
1.253800000000000000e+04
1.923000000000000000e+04
1.389800000000000000e+04
1.042400000000000000e+04
1.160800000000000000e+04
8.928000000000000000e+03
1.480400000000000000e+04
1.621400000000000000e+04
1.402200000000000000e+04
2.054600000000000000e+04
1.412800000000000000e+04
1.331600000000000000e+04
1.930600000000000000e+04
1.591600000000000000e+04
1.326600000000000000e+04
1.999600000000000000e+04
1.505600000000000000e+04
1.502800000000000000e+04
1.727200000000000000e+04
1.616800000000000000e+04
1.295200000000000000e+04
1.736400000000000000e+04
1.551800000000000000e+04
1.527400000000000000e+04
1.699800000000000000e+04
1.392800000000000000e+04
1.505600000000000000e+04
3.396800000000000000e+04
2.679600000000000000e+04
1.629400000000000000e+04
1.242400000000000000e+04
1.494400000000000000e+04
1.738600000000000000e+04
1.475600000000000000e+04
1.351000000000000000e+04
3.443800000000000000e+04
2.880200000000000000e+04
1.881800000000000000e+04
1.598600000000000000e+04
1.573600000000000000e+04
3.893200000000000000e+04
3.375600000000000000e+04
1.616000000000000000e+04
1.628600000000000000e+04
1.475200000000000000e+04
1.704800000000000000e+04
1.018400000000000000e+04
1.331600000000000000e+04
3.811200000000000000e+04
2.838000000000000000e+04
3.341000000000000000e+04
3.149600000000000000e+04
3.723800000000000000e+04
2.897000000000000000e+04
1.046800000000000000e+04
3.297200000000000000e+04
2.985000000000000000e+04
3.605600000000000000e+04
3.501400000000000000e+04
3.317200000000000000e+04
2.994600000000000000e+04
3.491800000000000000e+04
2.795600000000000000e+04
3.469200000000000000e+04
3.550200000000000000e+04
3.099800000000000000e+04
2.514600000000000000e+04
3.091800000000000000e+04
3.121800000000000000e+04
4.097000000000000000e+04
3.570200000000000000e+04
3.946600000000000000e+04
3.634000000000000000e+04
4.037600000000000000e+04
3.954000000000000000e+04
3.226600000000000000e+04
2.810000000000000000e+04
3.984000000000000000e+04
3.326000000000000000e+04
2.985400000000000000e+04
2.102800000000000000e+04
3.692800000000000000e+04
2.682800000000000000e+04
1.553980000000000000e+05
1.274318000000000000e+06
2.844100000000000000e+05
2.623220000000000000e+05
3.495400000000000000e+05
3.532220000000000000e+05
3.411220000000000000e+05
3.258180000000000000e+05
3.946340000000000000e+05
4.565860000000000000e+05
3.612460000000000000e+05
2.286440000000000000e+05
1.853600000000000000e+05
2.866880000000000000e+05
2.526500000000000000e+05
3.749800000000000000e+05
2.205300000000000000e+05
2.222840000000000000e+05
1.860420000000000000e+05
2.523400000000000000e+05
2.863800000000000000e+05
2.837720000000000000e+05
2.510260000000000000e+05
2.429040000000000000e+05
2.711420000000000000e+05
2.085480000000000000e+05
2.189960000000000000e+05
2.186620000000000000e+05
2.396980000000000000e+05
1.581340000000000000e+05
1.589160000000000000e+05
2.442800000000000000e+05
2.738680000000000000e+05
2.173900000000000000e+05
2.095420000000000000e+05
1.575720000000000000e+05
2.551920000000000000e+05
3.010200000000000000e+05
2.828840000000000000e+05
2.796980000000000000e+05
2.676560000000000000e+05
1.856840000000000000e+05
2.151860000000000000e+05
2.880180000000000000e+05
2.249440000000000000e+05
2.289140000000000000e+05
3.018940000000000000e+05
2.490200000000000000e+05
2.857020000000000000e+05
1.988100000000000000e+05
2.664280000000000000e+05
1.711360000000000000e+05
1.693520000000000000e+05
1.350300000000000000e+05
1.936620000000000000e+05
1.968240000000000000e+05
1.127240000000000000e+05
1.699580000000000000e+05
1.941820000000000000e+05
1.847620000000000000e+05
1.718940000000000000e+05
2.346140000000000000e+05
2.452560000000000000e+05
2.709260000000000000e+05
2.305400000000000000e+05
2.130700000000000000e+05
1.907360000000000000e+05
1.629820000000000000e+05
2.495500000000000000e+05
2.798080000000000000e+05
1.913360000000000000e+05
1.924420000000000000e+05
2.389280000000000000e+05
2.368940000000000000e+05
2.086700000000000000e+05
1.789840000000000000e+05
2.028140000000000000e+05
1.689100000000000000e+05
1.977360000000000000e+05
1.898900000000000000e+05
1.643540000000000000e+05
1.743800000000000000e+05
1.694360000000000000e+05
1.630860000000000000e+05
1.012160000000000000e+05
1.729980000000000000e+05
1.397720000000000000e+05
1.686140000000000000e+05
1.222540000000000000e+05
1.263080000000000000e+05
2.042620000000000000e+05
3.111220000000000000e+05
2.689800000000000000e+05
2.067080000000000000e+05
4.543440000000000000e+05
2.609840000000000000e+05
1.452220000000000000e+05
3.799200000000000000e+04
7.784000000000000000e+03
1.386600000000000000e+04
2.412000000000000000e+04
1.515800000000000000e+04
1.166200000000000000e+04
6.458000000000000000e+03
1.503000000000000000e+04
2.335400000000000000e+04
1.349800000000000000e+04
5.638000000000000000e+04
1.432680000000000000e+05
4.745440000000000000e+05
2.428020000000000000e+05
2.394940000000000000e+05
2.504980000000000000e+05
2.261240000000000000e+05
1.803660000000000000e+05
1.804800000000000000e+04
1.272600000000000000e+04
1.461200000000000000e+04
1.140400000000000000e+04
1.755800000000000000e+04
2.642400000000000000e+04
3.722200000000000000e+04
2.828000000000000000e+04
3.211200000000000000e+04
2.521200000000000000e+04
3.941600000000000000e+04
3.089200000000000000e+04
3.925600000000000000e+04
2.839600000000000000e+04
2.495200000000000000e+04
2.306200000000000000e+04
1.376400000000000000e+04
1.834600000000000000e+04
1.430600000000000000e+04
1.606800000000000000e+04
3.444000000000000000e+04
3.187600000000000000e+04
3.683200000000000000e+04
3.362000000000000000e+04
3.293400000000000000e+04
2.902800000000000000e+04
1.758800000000000000e+04
1.617600000000000000e+04
1.869000000000000000e+04
3.342200000000000000e+04
2.622800000000000000e+04
1.067400000000000000e+04
1.055000000000000000e+04
1.405800000000000000e+04
2.668400000000000000e+04
2.821600000000000000e+04
8.144000000000000000e+03
1.208400000000000000e+04
1.191600000000000000e+04
1.228000000000000000e+04
1.231400000000000000e+04
1.427000000000000000e+04
1.321000000000000000e+04
1.234000000000000000e+04
1.612800000000000000e+04
2.706800000000000000e+04
1.077600000000000000e+04
1.856200000000000000e+04
1.558200000000000000e+04
1.501400000000000000e+04
2.761600000000000000e+04
4.369000000000000000e+04
3.870000000000000000e+04
1.616800000000000000e+04
1.393000000000000000e+04
1.769800000000000000e+04
2.215000000000000000e+04
2.070200000000000000e+04
2.022600000000000000e+04
1.362400000000000000e+04
1.309800000000000000e+04
1.771600000000000000e+04
1.365800000000000000e+04
1.121600000000000000e+04
1.425000000000000000e+04
1.295400000000000000e+04
1.448000000000000000e+04
1.701600000000000000e+04
1.345000000000000000e+04
1.381800000000000000e+04
1.444400000000000000e+04
1.395600000000000000e+04
1.777000000000000000e+04
1.797200000000000000e+04
2.586400000000000000e+04
1.546000000000000000e+04
1.883600000000000000e+04
2.548600000000000000e+04
2.967200000000000000e+04
2.358400000000000000e+04
2.447000000000000000e+04
1.928800000000000000e+04
2.476800000000000000e+04
5.412200000000000000e+04
4.638800000000000000e+04
4.187600000000000000e+04
5.139000000000000000e+04
4.331600000000000000e+04
5.341800000000000000e+04
3.836000000000000000e+04
3.692600000000000000e+04
4.805400000000000000e+04
3.829000000000000000e+04
2.078520000000000000e+05
3.763400000000000000e+04
3.119400000000000000e+04
1.289400000000000000e+04
1.992000000000000000e+04
1.895000000000000000e+04
1.059800000000000000e+04
7.486000000000000000e+03
6.314000000000000000e+03
1.091400000000000000e+04
7.774000000000000000e+03
8.506000000000000000e+03
9.768000000000000000e+03
1.214800000000000000e+04
1.342800000000000000e+04
2.011800000000000000e+04
1.991600000000000000e+04
3.419200000000000000e+04
2.146600000000000000e+04
1.490000000000000000e+04
1.159400000000000000e+04
1.166000000000000000e+04
8.010000000000000000e+03
1.134000000000000000e+04
3.706200000000000000e+04
2.734000000000000000e+04
8.068000000000000000e+03
8.762000000000000000e+03
6.704000000000000000e+03
5.548000000000000000e+03
6.106000000000000000e+03
5.058000000000000000e+03
1.071600000000000000e+04
1.003000000000000000e+04
8.166000000000000000e+03
7.076000000000000000e+03
5.538000000000000000e+03
4.556200000000000000e+04
1.032740000000000000e+05
1.427000000000000000e+05
1.355180000000000000e+05
1.184220000000000000e+05
1.067420000000000000e+05
1.119940000000000000e+05
9.474800000000000000e+04
8.053000000000000000e+04
7.966800000000000000e+04
9.052400000000000000e+04
1.289640000000000000e+05
1.277900000000000000e+05
9.133800000000000000e+04
4.148820000000000000e+05
6.895000000000000000e+04
5.780800000000000000e+04
3.141600000000000000e+04
3.829000000000000000e+04
3.109400000000000000e+04
2.853000000000000000e+04
1.903000000000000000e+04
2.582200000000000000e+04
1.740600000000000000e+04
1.147400000000000000e+04
1.880600000000000000e+04
1.812200000000000000e+04
1.880200000000000000e+04
1.467000000000000000e+04
1.520000000000000000e+04
1.679600000000000000e+04
1.540800000000000000e+04
1.519000000000000000e+04
2.035200000000000000e+04
1.739000000000000000e+04
1.744200000000000000e+04
2.053200000000000000e+04
2.016200000000000000e+04
2.396400000000000000e+04
2.428200000000000000e+04
1.896200000000000000e+04
1.680400000000000000e+04
1.917200000000000000e+04
1.593400000000000000e+04
1.651600000000000000e+04
1.837400000000000000e+04
1.754800000000000000e+04
1.879200000000000000e+04
1.675200000000000000e+04
1.589000000000000000e+04
1.702400000000000000e+04
1.611600000000000000e+04
1.497400000000000000e+04
1.818800000000000000e+04
1.367200000000000000e+04
1.340800000000000000e+04
1.883400000000000000e+04
1.343200000000000000e+04
1.539600000000000000e+04
